562 1047
375 1319
375 1480
187 1760
562 1568
375 1319
375 1047
187 880
187 740
187 740
187 740
750 784
187 0
187 0
187 740
187 740
187 740
187 784
562 932
187 1047
187 1047
187 1047
375 1047
375 0
240 659
120 0
120 698
120 784
120 0
960 1047
180 0
240 587
120 0
120 659
960 698
360 0
240 784
120 0
120 880
120 988
120 0
960 1397
240 0
240 880
120 0
120 988
480 1047
480 1175
480 1319
240 659
120 0
120 698
120 784
120 0
960 1047
240 0
240 1175
120 0
120 1319
1440 1397
240 784
120 0
120 784
360 1319
120 0
240 1175
120 0
120 784
360 1319
120 0
240 1175
120 0
120 784
360 1397
120 0
240 1319
120 0
120 1175
480 1047
240 0
187 740
187 740
187 740
187 587
187 0
187 494
187 0
187 659
187 0
187 659
187 0
187 659
187 831
187 831
187 880
187 988
187 880
187 880
187 880
187 659
187 0
187 587
187 0
187 740
187 0
187 740
187 0
187 740
187 659
187 659
187 740
187 659
187 740
187 740
187 740
187 587
187 0
187 494
187 0
187 659
187 0
187 659
187 0
187 659
187 831
187 831
187 880
187 988
187 880
187 880
187 880
187 659
187 0
187 587
187 0
187 740
187 0
187 740
187 0
187 740
187 659
187 659
375 0
214 587
214 622
214 659
428 1047
214 659
428 1047
214 659
1284 1047
214 1047
214 1175
214 1245
214 1319
214 1047
214 1175
428 1319
214 988
428 1175
856 1047
428 0
214 587
214 622
214 659
428 1047
214 659
428 1047
214 659
1284 1047
214 0
214 880
214 784
214 740
214 880
214 1047
428 1319
214 1175
214 1047
214 880
856 1175
428 0
240 1047
240 1047
240 880
240 988
120 880
240 988
240 784
240 0
240 1047
240 1047
240 880
120 988
120 880
120 0
360 784
240 0
240 659
240 659
240 784
240 698
120 659
240 698
120 1047
120 523
120 587
240 659
120 659
120 659
120 0
120 659
240 784
480 0
240 1047
240 1047
240 880
240 988
120 880
240 988
240 784
240 0
240 1047
240 1047
240 880
120 988
240 880
360 784
240 0
240 659
240 659
240 784
240 698
120 659
240 698
120 1047
120 523
120 587
240 659
120 659
240 587
120 587
240 523
240 0
480 659
480 988
480 880
480 988
480 1175
1440 988
1920 0
480 659
480 988
480 880
480 988
480 1319
1440 988
1920 0
480 1568
480 1480
480 1319
480 1175
480 1319
1440 988
1920 0
480 1568
480 1480
480 1319
480 1175
480 1480
1440 988
1920 0
480 659
480 988
480 880
480 988
480 1175
1440 988
1920 0
480 659
480 988
480 880
480 988
480 1319
1440 988
1920 0
480 1319
1440 988
480 0
53 0
428 1047
214 1397
214 1319
214 1175
214 1047
642 880
214 1047
214 1397
214 1319
214 1175
214 1245
642 1319
214 1319
214 1319
214 1047
214 1175
214 1047
214 1319
214 1047
214 1175
214 880
214 1047
214 784
214 932
214 880
214 698
428 0
107 988
214 0
107 988
107 988
856 988
107 0
107 1047
53 0
107 988
53 0
107 1047
53 0
107 988
53 0
107 1047
53 0
107 988
214 0
107 988
107 988
107 988
53 0
107 988
53 0
107 988
53 0
107 988
53 0
107 988
53 0
107 988
53 0
107 988
53 0
107 831
53 0
107 880
53 0
107 988
214 0
107 988
107 988
856 988
428 0
214 659
214 831
214 988
1712 1109
214 740
214 880
214 1109
1712 1319
214 880
214 1109
214 1319
1712 1319
214 988
214 831
214 880
856 988
107 0
93 0
187 1109
93 1245
93 1245
187 1245
375 1245
187 1109
187 1109
187 1109
187 1109
93 1319
93 1319
187 1319
375 1319
187 1245
187 1245
187 1245
187 1109
93 1245
93 1245
187 1245
375 1245
187 1109
187 1109
187 1109
187 1109
93 1319
93 1319
187 1319
375 1319
187 1245
187 1175
187 1109
187 2217
1125 2093
187 1661
187 1480
1125 1661
750 0
428 880
428 784
214 740
214 784
214 0
214 740
214 0
214 784
214 0
214 740
214 0
1284 659
214 0
214 740
214 659
428 740
214 659
214 740
214 0
214 659
214 0
642 587
214 0
214 740
428 659
214 587
214 659
214 0
214 587
214 0
214 659
214 0
214 587
214 0
1284 554
214 0
214 587
214 554
428 587
214 554
214 587
214 0
214 659
214 0
428 740
214 0
214 880
214 0
428 988
214 880
214 988
214 0
214 880
214 0
214 988
214 0
1284 880
428 0
214 880
214 988
214 880
428 988
214 880
214 988
214 0
1284 880
214 880
428 740
214 880
214 988
214 0
214 1175
214 0
642 1319
214 1175
214 988
214 0
214 880
214 0
856 988
214 0
166 0
166 740
166 740
166 740
999 988
999 1480
166 1319
166 1245
166 1109
999 1976
499 1480
166 1319
166 1245
166 1109
999 1976
499 1480
166 1319
166 1245
166 1319
999 1109
166 740
166 740
166 740
999 988
999 1480
166 1319
166 1245
166 1109
999 1976
499 1480
166 1319
166 1245
166 1109
999 1976
499 1480
166 1319
166 1245
166 1319
666 1109
1333 0
133 0
133 932
133 1245
133 932
133 1245
802 932
400 740
400 831
1071 622
133 932
133 1245
133 932
133 1245
802 932
400 740
400 831
1071 1109
133 932
133 1245
133 932
133 1245
802 932
400 740
199 698
199 622
1071 554
133 932
133 1245
133 932
133 1245
802 932
400 831
1071 622
1071 0
241 0
483 277
483 415
483 415
241 370
241 349
241 370
241 349
483 311
483 311
241 277
241 311
483 349
241 311
241 349
483 370
241 349
241 277
483 349
1935 311
483 277
483 415
483 415
241 370
241 349
241 370
241 349
483 311
483 311
241 277
241 311
483 349
241 311
241 349
483 370
241 349
241 277
1935 415
1935 0
480 1245
240 932
960 1245
120 0
240 831
480 932
720 622
240 0
120 784
120 932
240 1245
240 932
240 1397
960 1245
120 0
360 1109
120 1047
120 932
360 831
960 932
240 0
187 0
375 1397
375 932
375 1865
187 1568
375 1397
562 932
375 1397
187 1245
187 1175
187 1175
187 1245
187 1397
375 932
375 1047
1500 1175
375 1397
562 932
375 1865
187 1568
375 1397
562 932
187 1397
187 1397
187 1245
187 1175
187 1175
187 1245
187 1397
375 932
375 1047
1500 932
375 1760
562 1175
375 1865
187 1760
187 1760
187 1568
187 1480
187 1760
750 1568
375 1568
562 1047
187 1760
187 1760
187 1568
187 1568
187 1397
187 1319
187 1568
750 1397
375 1397
562 932
375 1865
187 1568
375 1397
562 932
375 1397
187 1245
187 1175
187 1175
187 1245
187 1397
375 932
562 1047
187 1175
187 1245
187 1397
375 932
562 1047
187 1175
187 1245
187 1397
375 1865
375 2093
1125 1865
1500 0
480 1047
480 1397
480 1047
480 698
480 1047
480 1397
960 1047
480 1047
480 1397
480 1047
480 1397
720 1760
240 1568
240 1397
240 1319
240 1175
240 1109
480 1047
480 1397
480 1047
480 698
480 1047
480 1397
960 1047
720 1397
240 1175
480 1047
480 932
480 880
480 784
480 698
480 0
480 1245
480 1661
480 1245
480 831
480 1245
480 1661
960 1245
480 1245
480 1661
480 1245
480 1661
720 2093
240 1865
240 1661
240 1568
240 1397
240 1319
480 1245
480 1661
480 1245
480 831
480 1245
480 1661
960 1245
720 1661
240 1397
480 1245
480 1109
480 1047
480 0
480 932
480 0
720 831
480 1245
480 1661
480 0
150 622
150 698
150 740
150 831
300 932
300 740
300 880
300 698
300 831
300 740
150 622
150 698
150 740
150 831
300 932
300 1245
1200 1175
150 622
150 698
150 740
150 831
300 932
300 740
300 880
300 698
300 831
300 740
600 622
300 0
300 1109
75 0
300 1480
37 0
75 1109
37 0
150 1245
37 0
150 988
37 0
300 831
75 0
300 1109
37 0
75 932
37 0
150 740
37 0
150 932
37 0
300 831
300 0
37 831
37 0
37 932
37 0
37 988
37 0
37 1047
37 0
300 1109
75 0
300 1480
37 0
75 1109
37 0
150 1245
37 0
150 988
37 0
300 831
75 0
300 1109
37 0
75 932
37 0
150 988
37 0
150 698
37 0
300 740
37 0
120 1109
180 1047
120 988
360 932
360 1397
480 1661
120 1865
180 1568
480 1245
240 0
120 1109
180 1047
120 988
360 932
360 1397
180 1661
360 1865
480 1568
240 0
120 1109
180 1047
120 988
360 932
360 1397
480 1661
120 1397
180 1568
360 1245
120 1397
180 1568
360 1245
120 1397
240 1568
360 1245
120 1397
240 1568
120 1245
240 1047
120 932
360 1245
360 1245
480 1245
360 1245
120 0
400 698
400 740
400 784
267 831
133 932
267 698
400 831
400 932
133 698
267 831
133 932
267 831
802 1109
267 932
133 1109
267 880
400 932
400 1109
133 880
267 932
133 1109
267 1245
535 1319
400 1109
400 1397
400 1397
400 1397
400 1397
267 1397
133 1319
267 1245
535 1175
400 932
267 1319
133 1397
267 1319
133 1397
267 1109
400 1245
267 1109
267 0
78 1175
78 1245
78 1175
78 1245
78 1175
78 1245
78 1175
78 1245
78 1175
78 1175
78 1245
78 1319
78 1397
78 1480
78 1568
157 1568
315 0
157 1568
315 0
157 1865
157 0
157 2093
157 0
157 1568
315 0
157 1568
315 0
157 1397
157 0
157 1480
157 0
157 1568
315 0
157 1568
315 0
157 1865
157 0
157 2093
157 0
157 1568
315 0
157 1568
315 0
157 1397
157 0
157 1480
157 0
157 1865
157 1568
1262 1175
78 0
157 1865
157 1568
1262 1109
78 0
157 1865
157 1568
1262 1047
157 932
315 1047
1262 0
78 0
157 932
157 784
1262 1480
78 0
157 932
157 784
1262 1397
78 0
157 932
157 784
1262 1319
157 1245
315 1175
157 0
562 1047
375 1319
375 1480
187 1760
562 1568
375 1319
375 1047
187 880
187 740
187 740
187 740
750 784
187 0
187 0
187 740
187 740
187 740
187 784
562 932
187 1047
187 1047
187 1047
375 1047
375 0
240 659
120 0
120 698
120 784
120 0
960 1047
180 0
240 587
120 0
120 659
960 698
360 0
240 784
120 0
120 880
120 988
120 0
960 1397
240 0
240 880
120 0
120 988
480 1047
480 1175
480 1319
240 659
120 0
120 698
120 784
120 0
960 1047
240 0
240 1175
120 0
120 1319
1440 1397
240 784
120 0
120 784
360 1319
120 0
240 1175
120 0
120 784
360 1319
120 0
240 1175
120 0
120 784
360 1397
120 0
240 1319
120 0
120 1175
480 1047
240 0
187 740
187 740
187 740
187 587
187 0
187 494
187 0
187 659
187 0
187 659
187 0
187 659
187 831
187 831
187 880
187 988
187 880
187 880
187 880
187 659
187 0
187 587
187 0
187 740
187 0
187 740
187 0
187 740
187 659
187 659
187 740
187 659
187 740
187 740
187 740
187 587
187 0
187 494
187 0
187 659
187 0
187 659
187 0
187 659
187 831
187 831
187 880
187 988
187 880
187 880
187 880
187 659
187 0
187 587
187 0
187 740
187 0
187 740
187 0
187 740
187 659
187 659
375 0
214 587
214 622
214 659
428 1047
214 659
428 1047
214 659
1284 1047
214 1047
214 1175
214 1245
214 1319
214 1047
214 1175
428 1319
214 988
428 1175
856 1047
428 0
214 587
214 622
214 659
428 1047
214 659
428 1047
214 659
1284 1047
214 0
214 880
214 784
214 740
214 880
214 1047
428 1319
214 1175
214 1047
214 880
856 1175
428 0
240 1047
240 1047
240 880
240 988
120 880
240 988
240 784
240 0
240 1047
240 1047
240 880
120 988
120 880
120 0
360 784
240 0
240 659
240 659
240 784
240 698
120 659
240 698
120 1047
120 523
120 587
240 659
120 659
120 659
120 0
120 659
240 784
480 0
240 1047
240 1047
240 880
240 988
120 880
240 988
240 784
240 0
240 1047
240 1047
240 880
120 988
240 880
360 784
240 0
240 659
240 659
240 784
240 698
120 659
240 698
120 1047
120 523
120 587
240 659
120 659
240 587
120 587
240 523
240 0
480 659
480 988
480 880
480 988
480 1175
1440 988
1920 0
480 659
480 988
480 880
480 988
480 1319
1440 988
1920 0
480 1568
480 1480
480 1319
480 1175
480 1319
1440 988
1920 0
480 1568
480 1480
480 1319
480 1175
480 1480
1440 988
1920 0
480 659
480 988
480 880
480 988
480 1175
1440 988
1920 0
480 659
480 988
480 880
480 988
480 1319
1440 988
1920 0
480 1319
1440 988
480 0
53 0
428 1047
214 1397
214 1319
214 1175
214 1047
642 880
214 1047
214 1397
214 1319
214 1175
214 1245
642 1319
214 1319
214 1319
214 1047
214 1175
214 1047
214 1319
214 1047
214 1175
214 880
214 1047
214 784
214 932
214 880
214 698
428 0
107 988
214 0
107 988
107 988
856 988
107 0
107 1047
53 0
107 988
53 0
107 1047
53 0
107 988
53 0
107 1047
53 0
107 988
214 0
107 988
107 988
107 988
53 0
107 988
53 0
107 988
53 0
107 988
53 0
107 988
53 0
107 988
53 0
107 988
53 0
107 831
53 0
107 880
53 0
107 988
214 0
107 988
107 988
856 988
428 0
214 659
214 831
214 988
1712 1109
214 740
214 880
214 1109
1712 1319
214 880
214 1109
214 1319
1712 1319
214 988
214 831
214 880
856 988
107 0
93 0
187 1109
93 1245
93 1245
187 1245
375 1245
187 1109
187 1109
187 1109
187 1109
93 1319
93 1319
187 1319
375 1319
187 1245
187 1245
187 1245
187 1109
93 1245
93 1245
187 1245
375 1245
187 1109
187 1109
187 1109
187 1109
93 1319
93 1319
187 1319
375 1319
187 1245
187 1175
187 1109
187 2217
1125 2093
187 1661
187 1480
1125 1661
750 0
428 880
428 784
214 740
214 784
214 0
214 740
214 0
214 784
214 0
214 740
214 0
1284 659
214 0
214 740
214 659
428 740
214 659
214 740
214 0
214 659
214 0
642 587
214 0
214 740
428 659
214 587
214 659
214 0
214 587
214 0
214 659
214 0
214 587
214 0
1284 554
214 0
214 587
214 554
428 587
214 554
214 587
214 0
214 659
214 0
428 740
214 0
214 880
214 0
428 988
214 880
214 988
214 0
214 880
214 0
214 988
214 0
1284 880
428 0
214 880
214 988
214 880
428 988
214 880
214 988
214 0
1284 880
214 880
428 740
214 880
214 988
214 0
214 1175
214 0
642 1319
214 1175
214 988
214 0
214 880
214 0
856 988
214 0
166 0
166 740
166 740
166 740
999 988
999 1480
166 1319
166 1245
166 1109
999 1976
499 1480
166 1319
166 1245
166 1109
999 1976
499 1480
166 1319
166 1245
166 1319
999 1109
166 740
166 740
166 740
999 988
999 1480
166 1319
166 1245
166 1109
999 1976
499 1480
166 1319
166 1245
166 1109
999 1976
499 1480
166 1319
166 1245
166 1319
666 1109
1333 0
133 0
133 932
133 1245
133 932
133 1245
802 932
400 740
400 831
1071 622
133 932
133 1245
133 932
133 1245
802 932
400 740
400 831
1071 1109
133 932
133 1245
133 932
133 1245
802 932
400 740
199 698
199 622
1071 554
133 932
133 1245
133 932
133 1245
802 932
400 831
1071 622
1071 0
241 0
483 277
483 415
483 415
241 370
241 349
241 370
241 349
483 311
483 311
241 277
241 311
483 349
241 311
241 349
483 370
241 349
241 277
483 349
1935 311
483 277
483 415
483 415
241 370
241 349
241 370
241 349
483 311
483 311
241 277
241 311
483 349
241 311
241 349
483 370
241 349
241 277
1935 415
1935 0
480 1245
240 932
960 1245
120 0
240 831
480 932
720 622
240 0
120 784
120 932
240 1245
240 932
240 1397
960 1245
120 0
360 1109
120 1047
120 932
360 831
960 932
240 0
187 0
375 1397
375 932
375 1865
187 1568
375 1397
562 932
375 1397
187 1245
187 1175
187 1175
187 1245
187 1397
375 932
375 1047
1500 1175
375 1397
562 932
375 1865
187 1568
375 1397
562 932
187 1397
187 1397
187 1245
187 1175
187 1175
187 1245
187 1397
375 932
375 1047
1500 932
375 1760
562 1175
375 1865
187 1760
187 1760
187 1568
187 1480
187 1760
750 1568
375 1568
562 1047
187 1760
187 1760
187 1568
187 1568
187 1397
187 1319
187 1568
750 1397
375 1397
562 932
375 1865
187 1568
375 1397
562 932
375 1397
187 1245
187 1175
187 1175
187 1245
187 1397
375 932
562 1047
187 1175
187 1245
187 1397
375 932
562 1047
187 1175
187 1245
187 1397
375 1865
375 2093
1125 1865
1500 0
480 1047
480 1397
480 1047
480 698
480 1047
480 1397
960 1047
480 1047
480 1397
480 1047
480 1397
720 1760
240 1568
240 1397
240 1319
240 1175
240 1109
480 1047
480 1397
480 1047
480 698
480 1047
480 1397
960 1047
720 1397
240 1175
480 1047
480 932
480 880
480 784
480 698
480 0
480 1245
480 1661
480 1245
480 831
480 1245
480 1661
960 1245
480 1245
480 1661
480 1245
480 1661
720 2093
240 1865
240 1661
240 1568
240 1397
240 1319
480 1245
480 1661
480 1245
480 831
480 1245
480 1661
960 1245
720 1661
240 1397
480 1245
480 1109
480 1047
480 0
480 932
480 0
720 831
480 1245
480 1661
480 0
150 622
150 698
150 740
150 831
300 932
300 740
300 880
300 698
300 831
300 740
150 622
150 698
150 740
150 831
300 932
300 1245
1200 1175
150 622
150 698
150 740
150 831
300 932
300 740
300 880
300 698
300 831
300 740
600 622
300 0
300 1109
75 0
300 1480
37 0
75 1109
37 0
150 1245
37 0
150 988
37 0
300 831
75 0
300 1109
37 0
75 932
37 0
150 740
37 0
150 932
37 0
300 831
300 0
37 831
37 0
37 932
37 0
37 988
37 0
37 1047
37 0
300 1109
75 0
300 1480
37 0
75 1109
37 0
150 1245
37 0
150 988
37 0
300 831
75 0
300 1109
37 0
75 932
37 0
150 988
37 0
150 698
37 0
300 740
37 0
120 1109
180 1047
120 988
360 932
360 1397
480 1661
120 1865
180 1568
480 1245
240 0
120 1109
180 1047
120 988
360 932
360 1397
180 1661
360 1865
480 1568
240 0
120 1109
180 1047
120 988
360 932
360 1397
480 1661
120 1397
180 1568
360 1245
120 1397
180 1568
360 1245
120 1397
240 1568
360 1245
120 1397
240 1568
120 1245
240 1047
120 932
360 1245
360 1245
480 1245
360 1245
120 0
400 698
400 740
400 784
267 831
133 932
267 698
400 831
400 932
133 698
267 831
133 932
267 831
802 1109
267 932
133 1109
267 880
400 932
400 1109
133 880
267 932
133 1109
267 1245
535 1319
400 1109
400 1397
400 1397
400 1397
400 1397
267 1397
133 1319
267 1245
535 1175
400 932
267 1319
133 1397
267 1319
133 1397
267 1109
400 1245
267 1109
267 0
78 1175
78 1245
78 1175
78 1245
78 1175
78 1245
78 1175
78 1245
78 1175
78 1175
78 1245
78 1319
78 1397
78 1480
78 1568
157 1568
315 0
157 1568
315 0
157 1865
157 0
157 2093
157 0
157 1568
315 0
157 1568
315 0
157 1397
157 0
157 1480
157 0
157 1568
315 0
157 1568
315 0
157 1865
157 0
157 2093
157 0
157 1568
315 0
157 1568
315 0
157 1397
157 0
157 1480
157 0
157 1865
157 1568
1262 1175
78 0
157 1865
157 1568
1262 1109
78 0
157 1865
157 1568
1262 1047
157 932
315 1047
1262 0
78 0
157 932
157 784
1262 1480
78 0
157 932
157 784
1262 1397
78 0
157 932
157 784
1262 1319
157 1245
315 1175
157 0
